0.000000 -1.116840
0.250000 -0.262840
0.500000 -1.698077
0.750000 -0.424979
1.000000 -0.715540
1.250000 -1.350178
1.500000 1.768741
1.750000 -0.337162
2.000000 0.231556
2.250000 -0.475551
2.500000 -0.351124
2.750000 0.065682
3.000000 -0.380436
3.250000 0.944335
3.500000 -0.612607
3.750000 0.472270
4.000000 -0.779491
4.250000 0.388621
4.500000 -0.194623
4.750000 -0.059823
5.000000 0.105057
5.250000 -0.894037
5.500000 0.670588
5.750000 -1.180751
6.000000 0.391959
6.250000 0.701591
6.500000 1.125751
6.750000 -0.911877
7.000000 0.768529
7.250000 -1.379648
7.500000 -0.920488
7.750000 -0.950599
8.000000 1.334437
8.250000 0.916515
8.500000 0.042556
8.750000 -0.297116
9.000000 0.706899
9.250000 0.948285
9.500000 0.083216
9.750000 0.729884
10.000000 -0.004483
10.250000 -0.724708
10.500000 0.090823
10.750000 1.318082
11.000000 -1.215147
11.250000 -1.287714
11.500000 -1.152605
11.750000 -1.773794
12.000000 -1.939839
12.250000 1.663764
12.500000 1.348481
12.750000 -0.450425
13.000000 1.328459
13.250000 -1.006508
13.500000 1.519551
13.750000 -0.568907
14.000000 0.647625
14.250000 1.023000
14.500000 0.186238
14.750000 -0.239636
15.000000 -1.575467
15.250000 0.719289
15.500000 1.238300
15.750000 1.533011
16.000000 0.845966
16.250000 -0.242649
16.500000 0.370169
16.750000 1.188436
17.000000 -0.809416
17.250000 0.191745
17.500000 0.130458
17.750000 0.966946
18.000000 -2.428019
18.250000 -0.113531
18.500000 1.243715
18.750000 -0.928661
19.000000 -0.763708
19.250000 1.031299
19.500000 0.670438
19.750000 1.590416
20.000000 -1.154873
20.250000 0.748502
20.500000 1.092489
20.750000 -1.261746
21.000000 0.078246
21.250000 1.002724
21.500000 -0.951608
21.750000 -0.161653
22.000000 0.330122
22.250000 0.857031
22.500000 -0.365056
22.750000 -1.276832
23.000000 0.425102
23.250000 0.015971
23.500000 0.894887
23.750000 -0.127359
24.000000 -1.550418
24.250000 -0.584939
24.500000 0.773528
24.750000 -0.935258
25.000000 -1.799002
25.250000 0.269364
25.500000 1.901397
25.750000 0.392717
26.000000 0.795957
26.250000 -0.684940
26.500000 0.197961
26.750000 -0.696406
27.000000 -0.130125
27.250000 1.537449
27.500000 -0.422632
27.750000 0.099389
28.000000 0.089560
28.250000 -1.749960
28.500000 2.423082
28.750000 0.158177
29.000000 -0.601432
29.250000 -0.197881
29.500000 1.221641
29.750000 0.937864
30.000000 0.230256
30.250000 -1.037879
30.500000 2.468314
30.750000 1.318455
31.000000 2.068146
31.250000 0.713780
31.500000 -1.714976
31.750000 -0.196135
32.000000 -0.423046
32.250000 0.690732
32.500000 0.783976
32.750000 0.758258
33.000000 0.521329
33.250000 0.979051
33.500000 0.308634
33.750000 0.100687
34.000000 1.515562
34.250000 -0.964126
34.500000 0.748472
34.750000 -1.136368
35.000000 1.569112
35.250000 -0.252231
35.500000 -1.102282
35.750000 0.155605
36.000000 1.912275
36.250000 0.043279
36.500000 -0.797292
36.750000 0.290518
37.000000 -0.167931
37.250000 -0.240617
37.500000 -0.433780
37.750000 -1.616008
38.000000 -0.166603
38.250000 -1.886878
38.500000 1.902378
38.750000 0.538192
39.000000 -0.616880
39.250000 1.802483
39.500000 0.624264
39.750000 -0.184786
40.000000 -0.922535
40.250000 0.582930
40.500000 0.731985
40.750000 1.321294
41.000000 -0.151046
41.250000 -0.477703
41.500000 -0.308122
41.750000 0.656215
42.000000 -0.717017
42.250000 0.596680
42.500000 0.261282
42.750000 0.248757
43.000000 0.531429
43.250000 0.320476
43.500000 -0.885557
43.750000 0.192432
44.000000 2.016420
44.250000 -1.702681
44.500000 -1.449178
44.750000 -1.173734
45.000000 1.870659
45.250000 -2.762837
45.500000 -0.738415
45.750000 0.510024
46.000000 -1.638257
46.250000 -0.902120
46.500000 0.191217
46.750000 0.079454
47.000000 1.010683
47.250000 -0.618136
47.500000 1.409812
47.750000 1.882871
48.000000 1.149242
48.250000 -0.966507
48.500000 0.525596
48.750000 -0.266583
49.000000 1.566711
49.250000 1.387295
49.500000 -0.566142
49.750000 -0.619011
